0 440 41
0 1377 49
1 975 67
1 1306 17
1 747 67
2 1443 25
3 1397 41
5 1475 69
7 1480 71
7 589 29
7 663 83
8 1268 61
9 1466 70
9 552 65
9 695 40
10 346 3
10 412 73
10 649 6
11 149 96
11 1234 85
11 1058 37
11 232 18
11 595 47
12 1122 48
12 53 41
12 154 50
13 1387 98
13 180 61
14 1030 95
15 277 7
16 1110 42
17 978 79
17 1457 45
17 992 63
17 842 13
18 1023 5
19 674 4
20 701 90
20 587 68
20 1428 86
21 109 6
21 580 81
21 586 75
23 794 68
24 843 78
24 575 92
24 1054 19
24 127 54
25 556 39
25 920 38
25 1495 69
26 397 31
26 493 96
26 957 59
27 585 8
27 597 15
27 497 5
27 443 5
28 205 16
29 1357 17
29 891 53
29 378 55
30 1135 57
31 1040 65
31 130 58
31 602 96
32 1150 8
32 556 66
32 665 33
32 1324 12
32 1187 56
32 1482 62
34 314 21
34 313 27
34 358 53
34 1025 64
35 458 1
36 118 85
36 109 24
37 514 44
37 171 19
38 54 29
38 446 60
39 1279 41
39 1415 24
39 419 37
39 1081 94
40 79 15
40 1462 18
41 168 33
42 90 67
42 1483 97
42 327 66
43 1299 71
43 702 44
44 858 45
44 1181 96
45 620 32
45 1065 53
46 357 10
46 579 80
46 421 97
46 69 92
46 723 93
47 580 57
47 1486 83
47 185 60
48 129 41
49 105 56
49 122 80
49 530 15
51 375 15
52 120 12
52 131 43
52 1396 15
52 192 64
53 1030 39
53 12 41
53 247 13
53 296 0
54 38 29
54 478 96
54 1476 78
55 1395 97
55 1249 7
55 454 85
56 1439 97
56 1368 88
56 78 91
57 1194 32
57 174 45
58 1207 82
58 310 86
59 452 25
59 221 43
59 219 12
59 731 13
59 1315 86
60 1011 69
60 383 63
61 537 98
61 1442 43
61 197 88
62 939 10
62 785 12
62 577 46
64 1010 71
65 258 27
65 1310 17
65 845 52
65 1468 21
66 1210 71
67 642 24
67 865 72
67 1090 47
67 87 38
68 922 74
68 1303 88
69 46 92
69 1168 37
69 878 42
71 1316 2
72 567 85
72 853 79
72 79 64
72 715 36
73 778 51
74 170 21
74 1372 22
75 1415 55
76 836 24
77 397 33
77 512 41
78 263 38
78 329 26
78 56 91
78 1388 75
79 40 15
79 1043 43
79 72 64
80 557 86
80 356 36
81 705 94
81 937 83
81 942 34
81 1211 49
82 459 71
82 115 60
82 1394 13
82 1259 38
83 1402 23
83 1091 13
83 1281 31
83 1173 92
85 185 56
86 475 69
87 67 38
88 350 86
88 1263 38
89 755 22
90 42 67
90 1347 39
91 1356 7
91 525 91
92 252 89
92 607 98
92 259 9
93 925 9
93 764 25
94 487 92
94 339 43
94 213 64
94 108 20
95 297 40
96 1114 88
97 542 47
97 659 30
99 1115 79
99 1464 99
99 1264 10
99 1338 92
100 1062 84
101 462 46
102 218 6
103 1168 60
103 1365 75
103 646 34
104 349 82
105 49 56
105 855 55
105 196 16
105 130 17
105 949 60
106 999 99
106 609 60
106 1479 59
106 1087 36
107 851 9
107 937 93
107 1186 32
108 94 20
108 1409 59
108 1447 85
108 1065 83
109 1280 9
109 111 51
109 21 6
109 36 24
110 1126 21
111 109 51
111 593 31
112 520 13
112 1019 98
112 1421 27
112 1063 51
113 1172 99
113 167 60
114 266 88
114 473 55
115 82 60
115 1308 33
115 368 34
115 978 35
117 364 25
118 1382 65
118 1296 74
118 690 21
118 36 85
118 1033 22
119 156 33
119 868 4
119 183 34
120 52 12
120 653 52
121 857 26
121 747 89
122 708 44
122 49 80
122 397 38
123 1310 37
123 1038 18
125 163 65
125 1459 77
125 626 41
126 1195 69
127 213 97
127 24 54
127 1159 34
128 1368 90
128 627 59
129 48 41
129 1446 96
130 31 58
130 105 17
131 52 43
131 1457 1
132 1451 52
133 333 12
133 499 97
135 227 83
135 185 90
136 342 83
136 1305 27
137 1384 16
137 975 78
137 1090 22
137 936 47
138 290 54
140 1347 23
142 1000 41
145 1101 33
145 406 33
146 1301 80
147 1264 36
148 1273 48
149 11 96
150 658 15
150 573 61
151 961 53
151 616 67
152 1331 63
152 1343 88
153 457 90
153 352 54
154 12 50
156 1409 3
156 119 33
156 439 92
156 360 40
156 1384 62
156 656 21
157 1062 0
157 483 52
157 1093 32
157 1117 69
159 1047 69
161 1110 77
163 125 65
163 304 94
164 754 8
164 1312 44
165 809 99
167 1474 69
167 546 1
167 1064 16
167 113 60
167 920 45
167 274 42
168 1115 5
168 41 33
168 1380 66
169 1282 99
170 74 21
170 1374 80
170 1130 83
171 1327 78
171 1224 35
171 37 19
172 1344 11
173 1058 96
174 57 45
174 1302 19
174 874 40
175 948 56
175 1057 89
176 487 36
176 1289 17
176 407 20
176 984 57
178 1173 71
179 1073 20
179 722 48
179 1207 17
180 13 61
180 1209 23
181 1093 93
181 415 50
181 1419 71
181 352 91
181 981 86
181 1112 0
181 1390 58
181 1280 92
182 972 82
183 282 18
183 119 34
184 941 64
185 1311 44
185 85 56
185 47 60
185 135 90
185 341 9
187 983 25
187 409 73
188 1184 40
189 342 43
189 956 18
189 1069 35
190 1337 96
190 826 63
190 1168 45
191 404 6
191 996 75
192 835 12
192 377 41
192 52 64
192 1138 38
193 965 69
196 363 10
196 105 16
197 500 47
197 593 51
197 61 88
198 373 92
198 688 86
198 434 7
198 837 90
199 404 3
199 946 67
201 250 32
201 353 7
201 1138 68
202 570 10
202 1278 37
203 483 47
205 28 16
205 490 91
206 950 91
207 1231 28
208 680 36
210 1273 17
210 471 94
211 1181 16
211 695 87
213 127 97
213 616 48
213 602 41
213 94 64
213 1328 69
214 1260 45
214 250 89
216 1062 19
217 727 41
218 102 6
218 274 36
218 495 80
219 59 12
220 347 5
221 1246 56
221 59 43
222 335 74
222 1259 16
222 340 32
223 863 78
224 1440 69
224 625 32
224 1142 79
224 1109 49
225 1284 41
225 1341 33
227 135 83
228 942 40
230 261 71
231 783 68
232 760 92
232 11 18
232 1233 24
232 555 2
232 751 57
233 569 53
233 1114 25
234 1310 86
234 1491 95
235 999 26
235 455 42
235 767 65
235 392 63
235 474 98
236 837 0
236 684 87
237 1422 5
238 347 42
239 1350 19
240 1135 48
241 570 34
241 681 7
241 657 31
243 929 28
243 1111 10
243 1239 35
243 1043 12
244 1457 10
244 623 78
245 1294 83
245 427 79
245 641 59
246 1206 63
247 546 54
247 53 13
249 908 17
249 783 54
250 534 65
250 201 32
250 214 89
251 1253 54
251 1202 84
251 658 18
252 299 24
252 92 89
252 1283 67
252 799 59
254 1452 72
255 1330 24
255 462 85
257 1399 72
258 744 16
258 65 27
258 1010 55
259 791 89
259 632 40
259 92 9
259 316 76
260 513 34
260 1382 19
260 326 77
261 230 71
262 1384 11
263 701 28
263 78 38
263 290 23
265 846 24
265 1052 32
265 437 61
265 768 30
266 760 50
266 114 88
266 823 81
267 1385 75
267 884 55
268 1298 21
269 1383 18
270 668 1
270 414 7
271 402 48
271 1228 92
272 418 95
273 836 14
273 1462 76
273 661 38
274 218 36
274 167 42
275 994 38
275 1023 48
275 687 20
276 426 85
276 777 69
276 658 63
276 990 86
276 714 37
276 383 79
276 299 44
276 1309 77
277 1175 79
277 1011 3
277 1280 59
277 15 7
278 1118 55
279 1174 51
280 666 70
280 1091 36
282 717 15
282 1095 45
282 1400 43
282 944 63
282 183 18
282 434 6
282 906 28
283 765 87
283 421 93
283 832 37
285 1430 99
286 880 14
286 1100 98
286 1412 90
286 355 61
286 1249 26
287 354 32
287 860 13
288 876 55
289 1372 8
289 1064 26
290 791 11
290 138 54
290 263 23
291 502 97
291 382 52
292 940 74
292 1144 94
293 824 62
294 1151 85
294 535 99
294 648 30
295 839 32
295 1072 80
296 53 0
297 95 40
298 1276 59
299 1432 71
299 252 24
299 1000 47
299 276 44
299 1227 87
300 1311 88
301 1329 1
301 1491 11
301 495 52
302 788 32
304 1345 51
304 163 94
305 729 94
305 918 68
305 1036 37
306 526 83
307 503 35
308 1405 82
309 1427 26
309 330 79
310 1119 95
310 58 86
311 1318 66
312 1012 40
313 924 75
313 34 27
313 781 14
314 34 21
314 1024 68
316 745 20
316 1193 6
316 259 76
317 581 30
317 1258 46
318 986 68
318 1040 80
318 1342 59
319 623 78
320 847 37
320 727 40
321 528 17
321 1464 7
323 689 9
323 1304 56
324 1468 13
324 933 15
325 855 40
325 1270 91
326 1292 85
326 260 77
327 1178 37
327 42 66
329 1339 46
329 968 48
329 78 26
330 423 47
330 309 79
331 1354 11
331 1096 65
331 1444 77
333 133 12
333 1464 10
334 1043 63
334 918 29
335 222 74
336 1213 88
336 1273 88
336 1366 43
339 799 79
339 94 43
339 1257 96
340 614 23
340 932 45
340 627 82
340 1077 87
340 222 32
341 185 9
342 807 32
342 189 43
342 136 83
342 1181 98
343 581 34
343 417 49
344 1491 37
345 1190 66
345 1102 19
345 372 42
346 802 64
346 10 3
346 1241 70
347 220 5
347 548 55
347 864 94
347 1135 1
347 821 56
347 238 42
348 1453 10
349 104 82
349 1423 59
349 803 97
349 1385 22
350 1367 36
350 88 86
350 1442 30
350 1450 64
351 1301 19
351 1245 96
352 181 91
352 153 54
353 201 7
354 287 32
354 1401 59
354 378 62
355 286 61
355 1404 26
356 1284 47
356 80 36
357 46 10
357 1359 35
357 1337 52
358 1270 44
358 34 53
359 1255 54
360 156 40
361 835 64
361 1364 15
362 542 85
362 663 31
363 196 10
363 1248 78
363 1026 72
364 117 25
364 1492 26
364 644 13
364 1044 25
364 1312 7
364 490 45
366 1134 41
366 971 91
366 1145 3
367 663 96
367 1067 29
368 115 34
370 1365 16
370 1353 30
371 428 70
372 345 42
373 198 92
373 625 8
373 1481 69
375 513 94
375 51 15
375 690 38
376 1027 70
376 1496 14
376 985 95
377 999 28
377 615 79
377 192 41
377 1231 36
378 1126 54
378 602 33
378 354 62
378 29 55
379 1285 63
381 1382 52
381 1379 54
382 291 52
383 990 98
383 60 63
383 276 79
386 1354 84
387 561 97
387 821 49
387 920 69
388 788 21
389 1107 32
389 1229 68
390 667 25
391 439 14
391 1104 14
391 625 47
391 1298 71
392 1279 25
392 235 63
392 1461 28
393 1022 67
393 1249 79
393 494 14
394 481 77
394 903 63
395 679 9
395 749 89
396 1328 83
396 562 43
397 26 31
397 77 33
397 122 38
397 1423 55
398 1099 63
398 1392 96
399 1110 33
400 488 76
401 1326 36
401 1118 53
402 1134 21
402 1054 18
402 271 48
402 973 24
403 1333 89
403 866 94
404 1310 14
404 191 6
404 199 3
404 1030 90
405 893 14
406 477 9
406 1382 84
406 930 43
406 863 77
406 145 33
407 960 22
407 851 28
407 831 30
407 176 20
408 593 54
408 921 95
409 547 99
409 187 73
410 647 2
410 889 39
410 626 6
412 1048 89
412 10 73
412 905 38
414 1064 90
414 270 7
415 181 50
416 949 45
417 343 49
418 906 0
418 484 12
418 747 4
418 272 95
419 874 50
419 39 37
421 1304 95
421 1129 63
421 46 97
421 283 93
422 694 23
422 1137 54
422 814 81
423 1071 30
423 533 52
423 330 47
423 958 25
424 1023 57
424 1135 37
425 429 95
426 276 85
426 666 94
427 245 79
428 371 70
429 425 95
429 1162 71
429 430 45
430 1353 64
430 429 45
431 992 24
432 1104 20
433 1471 87
433 1220 73
434 198 7
434 282 6
435 1229 72
435 672 27
435 1081 26
437 265 61
437 732 45
438 539 82
439 971 89
439 391 14
439 156 92
439 1383 99
440 0 41
441 1239 67
441 766 2
441 972 99
441 520 88
442 964 63
443 27 5
444 1067 86
444 758 15
446 1304 68
446 38 60
446 952 58
447 763 50
449 836 79
449 1289 82
449 1177 94
449 1290 25
450 1302 83
450 579 69
451 671 10
451 852 26
452 59 25
452 563 17
453 556 95
454 1273 53
454 55 85
455 235 42
455 1070 59
456 686 21
456 1371 24
456 1255 3
457 153 90
457 674 59
457 907 33
458 35 1
458 1282 69
458 878 24
459 82 71
460 1137 14
460 854 15
461 525 54
462 255 85
462 101 46
464 872 58
466 534 76
466 623 73
466 1414 83
467 1301 92
467 670 57
467 949 43
469 1415 58
470 1343 5
470 1188 35
471 689 12
471 709 39
471 1403 15
471 210 94
472 697 9
472 1180 96
473 581 39
473 114 55
473 753 92
473 933 89
473 1178 98
474 1046 50
474 235 98
475 86 69
475 691 99
477 406 9
478 54 96
478 1254 50
481 394 77
482 513 31
482 1342 5
483 203 47
483 1216 39
483 157 52
484 418 12
485 1219 78
485 731 1
485 507 23
485 778 27
487 176 36
487 94 92
488 400 76
488 1089 35
488 564 38
489 954 67
489 1138 49
489 1093 66
490 1296 50
490 364 45
490 205 91
491 984 1
491 860 80
492 498 34
493 713 70
493 26 96
494 783 71
494 393 14
495 301 52
495 1431 40
495 1141 63
495 218 80
496 1355 87
496 553 62
497 27 5
497 711 60
498 1064 43
498 492 34
499 133 97
500 1263 29
500 562 62
500 197 47
501 852 97
501 1357 46
502 291 97
503 1472 48
503 307 35
505 677 45
506 1065 70
506 1445 92
507 485 23
507 1220 21
508 1124 19
508 739 14
510 900 44
511 546 63
511 1372 50
511 1298 65
511 1430 38
512 77 41
513 375 94
513 839 5
513 482 31
513 260 34
514 37 44
514 549 54
515 1103 71
515 809 39
517 780 75
517 1262 7
518 1122 83
518 1270 20
518 1369 94
519 1074 36
520 112 13
520 441 88
520 886 30
521 1055 39
522 993 21
522 1318 47
524 1041 91
524 1407 49
525 461 54
525 91 91
526 1438 56
526 661 65
526 306 83
526 567 91
526 1178 76
527 1034 73
527 715 9
528 1007 74
528 321 17
529 1115 23
529 1187 75
529 1307 19
530 49 15
531 1096 8
532 983 98
532 1217 17
532 762 2
532 1203 55
533 423 52
534 466 76
534 250 65
535 1363 8
535 840 87
535 294 99
536 1243 66
536 635 36
537 61 98
537 1411 22
537 1067 80
538 765 64
538 932 58
538 713 91
539 1289 56
539 438 82
540 1195 11
540 1205 65
540 1436 14
541 1475 51
541 672 12
542 1094 48
542 362 85
542 1149 52
542 97 47
543 585 81
544 1447 58
545 1132 60
546 511 63
546 812 87
546 167 1
546 247 54
546 1366 79
546 551 53
546 1330 4
546 804 93
547 409 99
548 1094 2
548 347 55
549 514 54
549 962 27
551 546 53
552 843 15
552 1118 27
552 9 65
553 826 59
553 496 62
553 651 4
554 971 49
554 1396 1
555 1180 1
555 232 2
556 25 39
556 32 66
556 453 95
557 1377 83
557 780 42
557 80 86
558 912 96
561 387 97
561 1015 84
562 1229 85
562 500 62
562 967 93
562 1490 17
562 396 43
563 1454 61
563 1098 61
563 452 17
563 1003 82
564 715 50
564 978 54
564 488 38
565 1463 49
565 1253 24
567 72 85
567 855 57
567 526 91
568 752 10
569 233 53
570 202 10
570 241 34
572 750 94
572 1466 38
572 926 64
573 658 0
573 150 61
573 731 85
573 761 90
575 1439 26
575 24 92
575 687 67
575 718 0
575 979 69
577 62 46
578 732 56
579 46 80
579 450 69
580 47 57
580 1451 48
580 660 13
580 21 81
580 839 20
581 978 76
581 473 39
581 343 34
581 317 30
583 921 44
584 673 79
585 27 8
585 685 58
585 543 81
586 21 75
587 749 36
587 20 68
587 951 80
588 756 72
589 1315 83
589 7 29
590 720 21
592 593 29
592 774 44
593 797 49
593 592 29
593 408 54
593 1230 69
593 197 51
593 111 31
595 1104 59
595 11 47
596 1104 50
597 27 15
598 757 3
600 1393 47
600 1181 39
601 686 13
602 1171 21
602 213 41
602 378 33
602 31 96
602 1101 5
604 633 51
604 1046 50
605 1091 68
605 977 38
605 972 65
607 92 98
608 1405 22
609 106 60
610 1044 92
611 1419 17
611 1222 25
613 750 19
613 1237 30
613 1270 80
614 340 23
614 1250 25
614 1104 40
615 377 79
615 1011 11
615 902 62
616 213 48
616 151 67
617 1117 44
618 1247 22
619 1486 41
619 1309 68
620 45 32
620 985 84
620 962 6
621 879 58
621 873 78
622 700 51
623 753 71
623 244 78
623 466 73
623 319 78
625 224 32
625 391 47
625 373 8
626 735 86
626 833 58
626 125 41
626 410 6
626 923 86
627 340 82
627 128 59
630 1333 7
631 815 63
632 259 40
632 1159 96
632 737 25
633 604 51
634 910 85
635 536 36
636 1036 46
637 1304 30
639 663 20
639 1287 39
641 874 92
641 245 59
642 730 86
642 67 24
642 1445 98
643 1229 15
643 759 15
644 364 13
645 867 36
646 1433 53
646 1207 37
646 103 34
647 1303 94
647 410 2
647 930 61
648 1475 56
648 294 30
649 1307 95
649 10 6
649 1008 88
649 1249 45
650 1384 10
651 553 4
652 1167 26
652 1371 79
653 120 52
654 1195 8
655 885 23
655 747 1
655 1071 56
656 868 40
656 156 21
656 1139 20
657 904 37
657 241 31
658 573 0
658 150 15
658 276 63
658 251 18
658 695 29
659 1352 94
659 97 30
660 580 13
660 1155 24
660 1469 75
661 526 65
661 1324 58
661 273 38
662 696 73
662 1439 39
662 908 1
663 639 20
663 362 31
663 367 96
663 7 83
664 1458 87
664 798 58
665 32 33
666 280 70
666 426 94
667 390 25
668 727 86
668 270 1
668 1427 75
669 1283 83
670 1026 83
670 467 57
670 816 90
671 451 10
672 992 31
672 435 27
672 541 12
673 584 79
673 1267 20
673 1414 41
673 1208 33
674 457 59
674 740 86
674 19 4
674 792 4
675 1010 33
676 1435 21
677 775 3
677 1364 75
677 505 45
678 1466 14
678 1213 30
679 395 9
679 1310 7
679 1194 33
680 967 61
680 989 41
680 1293 2
680 208 36
681 1353 43
681 241 7
682 1184 15
683 988 7
683 1311 82
684 236 87
685 585 58
686 456 21
686 601 13
687 942 93
687 575 67
687 275 20
688 940 21
688 198 86
688 885 13
689 471 12
689 323 9
690 998 2
690 118 21
690 375 38
691 475 99
692 982 72
694 422 23
695 1019 70
695 211 87
695 9 40
695 658 29
696 870 85
696 1371 4
696 662 73
697 472 9
699 1315 38
699 963 63
699 1479 54
700 622 51
701 709 51
701 263 28
701 20 90
702 43 44
704 998 67
704 1260 38
704 1391 3
705 81 94
705 863 96
706 1408 84
706 1148 32
708 122 44
709 701 51
709 868 9
709 471 39
709 939 21
710 843 83
710 915 1
711 1130 52
711 1148 57
711 497 60
711 826 88
712 961 80
712 928 76
713 493 70
713 538 91
714 276 37
714 1173 47
714 962 60
715 564 50
715 72 36
715 527 9
716 1001 45
717 282 15
717 1205 28
717 1325 58
717 945 22
718 1134 22
718 575 0
719 751 27
720 590 21
720 901 45
720 1144 64
722 179 48
723 46 93
723 1120 79
725 1452 71
727 668 86
727 217 41
727 320 40
728 1206 21
728 1096 12
729 305 94
729 941 62
730 1469 3
730 642 86
731 485 1
731 756 29
731 1196 62
731 573 85
731 59 13
732 1175 3
732 578 56
732 437 45
733 1234 98
735 626 86
735 1313 22
737 1305 28
737 632 25
737 1346 25
738 1202 95
738 993 53
739 508 14
739 957 14
740 1288 64
740 674 86
741 1357 11
742 1068 80
744 258 16
744 1300 18
745 316 20
745 996 26
745 1118 71
747 418 4
747 655 1
747 1354 7
747 1 67
747 1205 74
747 1142 85
747 121 89
748 1455 35
748 1121 1
749 587 36
749 1107 6
749 1237 93
749 395 89
750 613 19
750 572 94
750 946 71
751 719 27
751 232 57
752 1030 71
752 568 10
753 473 92
753 623 71
754 1128 24
754 164 8
754 1248 63
754 819 79
755 1263 91
755 89 22
756 1181 64
756 1298 36
756 588 72
756 731 29
757 598 3
757 1445 31
758 444 15
759 927 49
759 643 15
759 1335 59
760 266 50
760 232 92
761 573 90
762 532 2
762 1253 36
763 919 18
763 1352 57
763 447 50
764 93 25
765 283 87
765 538 64
766 1478 4
766 441 2
767 235 65
767 1489 82
767 996 10
767 1335 76
768 1074 46
768 946 49
768 1196 79
768 1212 89
768 265 30
769 1101 48
771 1046 88
771 1427 78
771 1211 50
774 592 44
775 1241 36
775 677 3
776 1202 32
777 276 69
778 73 51
778 485 27
779 1463 20
780 557 42
780 517 75
780 1281 77
781 1327 37
781 1328 66
781 313 14
783 951 5
783 231 68
783 249 54
783 494 71
785 62 12
785 908 1
785 1291 44
788 388 21
788 302 32
788 1333 82
789 1127 9
789 1091 0
791 290 11
791 259 89
791 900 39
792 674 4
793 868 49
794 1075 63
794 23 68
795 1053 30
796 1306 83
797 593 49
798 664 58
799 339 79
799 252 59
801 1435 28
801 1360 46
802 346 64
802 1407 63
802 1065 47
803 349 97
804 948 65
804 546 93
807 342 32
807 1028 86
808 1217 70
808 1010 10
809 165 99
809 515 39
811 1461 4
811 999 90
812 1264 46
812 546 87
812 1409 13
813 1434 20
814 422 81
815 631 63
816 1491 62
816 670 90
817 1055 27
819 754 79
821 1167 27
821 347 56
821 387 49
822 1284 97
823 266 81
824 293 62
824 980 7
825 1486 60
825 1230 97
826 553 59
826 1475 8
826 1072 87
826 711 88
826 190 63
827 1339 22
827 1261 39
827 1407 28
827 1183 60
828 975 1
828 1317 78
830 1072 25
830 870 87
830 1174 10
831 407 30
832 283 37
833 626 58
835 361 64
835 192 12
835 1066 8
836 273 14
836 449 79
836 76 24
836 964 15
836 922 68
836 1152 4
837 236 0
837 198 90
837 964 81
838 1213 57
839 295 32
839 513 5
839 580 20
840 535 87
840 1359 46
840 1462 50
840 1385 19
840 857 26
840 994 69
841 1489 97
842 899 51
842 1322 65
842 17 13
843 710 83
843 552 15
843 24 78
843 1146 53
843 1415 18
843 1448 44
844 1304 22
845 65 52
846 265 24
847 1189 12
847 320 37
847 1052 55
849 1297 31
849 889 68
850 966 40
851 407 28
851 1076 44
851 107 9
852 501 97
852 919 94
852 451 26
853 895 74
853 72 79
853 1184 34
854 963 34
854 460 15
855 567 57
855 105 55
855 325 40
857 121 26
857 840 26
858 44 45
859 979 85
860 1102 64
860 1174 13
860 287 13
860 1137 67
860 491 80
861 1193 84
863 223 78
863 406 77
863 705 96
864 347 94
865 1450 39
865 67 72
866 1201 96
866 403 94
867 1187 97
867 645 36
867 1138 15
868 793 49
868 1305 24
868 709 9
868 119 4
868 656 40
868 1413 49
869 1149 15
870 696 85
870 830 87
871 1350 34
872 1240 24
872 464 58
873 621 78
873 995 17
873 1475 61
874 419 50
874 1495 26
874 174 40
874 641 92
874 974 95
876 288 55
878 69 42
878 458 24
879 621 58
880 1125 68
880 286 14
881 1028 55
881 1004 9
883 1372 47
884 267 55
885 655 23
885 688 13
886 520 30
886 1184 58
887 1406 17
887 1269 13
887 1335 28
888 1191 63
889 410 39
889 1214 6
889 849 68
891 29 53
893 405 14
894 1015 56
894 1179 78
895 853 74
895 947 48
896 981 25
896 1331 9
899 842 51
900 510 44
900 1340 35
900 1134 72
900 791 39
901 720 45
901 987 53
901 1427 77
902 1149 60
902 615 62
903 394 63
904 657 37
905 412 38
906 418 0
906 282 28
907 457 33
908 249 17
908 785 1
908 662 1
908 1069 97
910 1013 71
910 634 85
912 558 96
913 989 75
915 710 1
916 1477 90
918 305 68
918 334 29
919 763 18
919 852 94
920 25 38
920 1469 43
920 167 45
920 387 69
921 1407 36
921 583 44
921 408 95
922 68 74
922 836 68
922 1048 2
923 626 86
924 313 75
924 1267 71
925 1495 6
925 93 9
926 1209 75
926 572 64
926 1215 89
927 759 49
928 712 76
928 1034 30
929 243 28
929 1269 51
930 647 61
930 1486 67
930 406 43
931 1235 13
932 340 45
932 538 58
933 324 15
933 473 89
936 1203 61
936 986 28
936 137 47
937 81 83
937 967 44
937 107 93
937 1139 85
937 1182 77
939 1013 49
939 62 10
939 709 21
940 688 21
940 1385 49
940 1479 83
940 292 74
941 1251 63
941 729 62
941 184 64
942 687 93
942 81 34
942 1028 10
942 228 40
944 282 63
944 1376 46
945 1348 26
945 717 22
946 768 49
946 199 67
946 1045 0
946 750 71
947 895 48
948 804 65
948 175 56
949 416 45
949 467 43
949 105 60
950 206 91
950 1158 83
951 783 5
951 587 80
951 1138 94
952 1480 34
952 1177 88
952 446 58
953 1205 12
954 489 67
956 1346 82
956 189 18
957 1053 26
957 739 14
957 26 59
958 423 25
960 407 22
960 1408 97
961 151 53
961 712 80
962 549 27
962 714 60
962 620 6
963 854 34
963 699 63
964 442 63
964 836 15
964 837 81
965 193 69
965 1232 85
965 1374 36
966 1437 77
966 850 40
967 680 61
967 562 93
967 937 44
968 329 48
970 984 54
970 1074 35
970 1369 68
971 554 49
971 1449 90
971 439 89
971 366 91
972 441 99
972 182 82
972 605 65
972 1187 95
973 402 24
973 1375 25
973 992 76
974 1242 54
974 874 95
975 828 1
975 1 67
975 137 78
976 1302 85
977 605 38
977 1160 58
978 17 79
978 581 76
978 564 54
978 115 35
979 859 85
979 575 69
980 986 80
980 824 7
981 896 25
981 181 86
981 1000 60
982 692 72
983 187 25
983 532 98
984 970 54
984 1487 81
984 491 1
984 176 57
985 376 95
985 996 44
985 620 84
986 936 28
986 318 68
986 980 80
987 901 53
988 683 7
989 1155 17
989 913 75
989 680 41
989 1213 84
989 1223 46
990 1003 20
990 1149 40
990 383 98
990 276 86
992 431 24
992 1270 53
992 672 31
992 973 76
992 17 63
993 522 21
993 1227 36
993 738 53
993 1407 95
994 275 38
994 1028 76
994 840 69
995 1489 97
995 873 17
996 191 75
996 745 26
996 1338 73
996 767 10
996 1014 96
996 985 44
997 1292 55
998 690 2
998 704 67
999 235 26
999 377 28
999 106 99
999 811 90
1000 299 47
1000 1010 77
1000 142 41
1000 981 60
1001 1273 86
1001 716 45
1003 1250 47
1003 990 20
1003 563 82
1004 881 9
1005 1476 5
1006 1395 60
1007 528 74
1008 649 88
1010 1000 77
1010 808 10
1010 64 71
1010 675 33
1010 258 55
1011 60 69
1011 615 11
1011 277 3
1012 312 40
1012 1051 91
1013 939 49
1013 910 71
1013 1110 18
1014 1272 6
1014 996 96
1015 894 56
1015 561 84
1015 1053 19
1017 1359 18
1018 1292 24
1019 112 98
1019 695 70
1019 1340 82
1020 1462 46
1022 393 67
1023 424 57
1023 1354 82
1023 275 48
1023 18 5
1023 1253 32
1024 314 68
1025 1055 80
1025 34 64
1026 1103 13
1026 670 83
1026 1359 6
1026 1218 5
1026 363 72
1027 376 70
1027 1208 26
1027 1408 9
1028 1462 49
1028 994 76
1028 881 55
1028 942 10
1028 807 86
1029 1051 71
1030 752 71
1030 14 95
1030 1458 17
1030 53 39
1030 404 90
1032 1285 5
1033 1297 25
1033 118 22
1034 527 73
1034 928 30
1036 636 46
1036 305 37
1037 1079 48
1037 1043 86
1038 1113 30
1038 123 18
1038 1260 59
1040 31 65
1040 318 80
1041 524 91
1042 1450 74
1043 334 63
1043 79 43
1043 1037 86
1043 243 12
1044 1117 72
1044 610 92
1044 364 25
1045 946 0
1046 1276 21
1046 771 88
1046 474 50
1046 604 50
1047 159 69
1048 412 89
1048 922 2
1050 1388 34
1051 1012 91
1051 1029 71
1052 265 32
1052 1178 29
1052 847 55
1052 1278 13
1053 957 26
1053 1015 19
1053 795 30
1054 402 18
1054 24 19
1055 817 27
1055 1025 80
1055 521 39
1057 1306 2
1057 175 89
1058 173 96
1058 11 37
1059 1340 44
1060 1189 27
1061 1330 15
1061 1368 53
1062 216 19
1062 100 84
1062 157 0
1062 1100 74
1063 112 51
1064 498 43
1064 414 90
1064 167 16
1064 289 26
1065 506 70
1065 108 83
1065 802 47
1065 45 53
1066 835 8
1067 444 86
1067 367 29
1067 537 80
1068 742 80
1069 189 35
1069 908 97
1070 455 59
1071 423 30
1071 655 56
1072 830 25
1072 826 87
1072 1138 10
1072 295 80
1073 179 20
1073 1438 44
1074 768 46
1074 970 35
1074 519 36
1074 1431 6
1075 794 63
1076 1326 2
1076 1208 14
1076 851 44
1077 1123 2
1077 340 87
1078 1414 48
1079 1037 48
1080 1288 80
1081 435 26
1081 39 94
1084 1245 89
1084 1179 20
1085 1326 28
1087 106 36
1089 488 35
1090 1440 13
1090 67 47
1090 137 22
1091 605 68
1091 83 13
1091 280 36
1091 789 0
1093 181 93
1093 157 32
1093 489 66
1094 542 48
1094 548 2
1095 282 45
1095 1465 55
1096 728 12
1096 531 8
1096 331 65
1098 1171 31
1098 563 61
1099 398 63
1100 286 98
1100 1062 74
1101 145 33
1101 769 48
1101 602 5
1102 860 64
1102 345 19
1103 1026 13
1103 515 71
1103 1179 64
1104 596 50
1104 595 59
1104 391 14
1104 432 20
1104 614 40
1107 389 32
1107 749 6
1109 224 49
1110 399 33
1110 1013 18
1110 161 77
1110 16 42
1111 243 10
1111 1217 66
1112 181 0
1113 1038 30
1114 96 88
1114 233 25
1114 1385 30
1115 168 5
1115 529 23
1115 99 79
1117 617 44
1117 1044 72
1117 157 69
1118 278 55
1118 552 27
1118 401 53
1118 745 71
1119 310 95
1119 1283 87
1120 1214 71
1120 723 79
1121 748 1
1122 518 83
1122 12 48
1123 1077 2
1123 1152 39
1124 508 19
1125 880 68
1126 110 21
1126 378 54
1127 789 9
1128 1444 81
1128 754 24
1129 421 63
1130 711 52
1130 170 83
1132 1169 81
1132 545 60
1134 402 21
1134 366 41
1134 718 22
1134 1461 60
1134 900 72
1135 240 48
1135 424 37
1135 347 1
1135 30 57
1136 1448 21
1137 860 67
1137 460 14
1137 1177 48
1137 422 54
1138 1072 10
1138 867 15
1138 201 68
1138 489 49
1138 951 94
1138 192 38
1139 656 20
1139 937 85
1141 1464 93
1141 495 63
1142 224 79
1142 747 85
1143 1424 2
1144 720 64
1144 1288 90
1144 292 94
1145 366 3
1146 1185 79
1146 843 53
1146 1349 38
1148 711 57
1148 706 32
1148 1316 0
1148 1408 16
1148 1190 2
1149 542 52
1149 990 40
1149 869 15
1149 902 60
1150 32 8
1151 294 85
1151 1446 11
1152 836 4
1152 1123 39
1154 1223 43
1155 989 17
1155 660 24
1155 1488 61
1158 950 83
1159 127 34
1159 632 96
1159 1313 57
1160 977 58
1162 1402 30
1162 429 71
1164 1473 75
1164 1180 65
1164 1237 41
1165 1299 76
1166 1317 25
1167 821 27
1167 652 26
1168 103 60
1168 69 37
1168 190 45
1168 1238 72
1169 1132 81
1170 1239 33
1171 1098 31
1171 602 21
1172 113 99
1172 1299 66
1172 1377 31
1173 178 71
1173 714 47
1173 83 92
1174 860 13
1174 279 51
1174 1264 60
1174 830 10
1174 1490 79
1175 732 3
1175 277 79
1175 1431 97
1177 952 88
1177 449 94
1177 1137 48
1178 1230 1
1178 327 37
1178 1052 29
1178 473 98
1178 526 76
1179 1084 20
1179 894 78
1179 1103 64
1180 555 1
1180 1164 65
1180 472 96
1181 211 16
1181 756 64
1181 600 39
1181 44 96
1181 342 98
1182 1234 42
1182 1383 21
1182 937 77
1183 827 60
1184 188 40
1184 682 15
1184 853 34
1184 1389 48
1184 886 58
1185 1146 79
1186 107 32
1187 867 97
1187 529 75
1187 32 56
1187 972 95
1188 470 35
1189 1060 27
1189 847 12
1190 1257 44
1190 345 66
1190 1148 2
1191 888 63
1192 1209 19
1193 316 6
1193 861 84
1194 57 32
1194 1467 70
1194 679 33
1195 654 8
1195 540 11
1195 126 69
1196 768 79
1196 731 62
1200 1458 53
1201 866 96
1202 776 32
1202 251 84
1202 738 95
1203 936 61
1203 532 55
1205 717 28
1205 953 12
1205 540 65
1205 747 74
1205 1338 47
1206 246 63
1206 728 21
1207 58 82
1207 646 37
1207 179 17
1208 1076 14
1208 1027 26
1208 673 33
1209 1192 19
1209 180 23
1209 926 75
1210 66 71
1211 771 50
1211 81 49
1212 768 89
1213 336 88
1213 989 84
1213 678 30
1213 838 57
1214 889 6
1214 1120 71
1215 1294 88
1215 926 89
1216 483 39
1216 1370 84
1216 1463 41
1217 532 17
1217 808 70
1217 1111 66
1218 1420 50
1218 1026 5
1219 485 78
1220 1480 7
1220 433 73
1220 507 21
1220 1356 52
1221 1248 98
1222 611 25
1222 1449 47
1223 1154 43
1223 989 46
1223 1399 69
1224 171 35
1227 1403 56
1227 993 36
1227 299 87
1228 271 92
1229 562 85
1229 643 15
1229 435 72
1229 389 68
1230 1178 1
1230 1330 43
1230 593 69
1230 825 97
1231 377 36
1231 1492 38
1231 207 28
1232 965 85
1233 1323 72
1233 232 24
1234 733 98
1234 1182 42
1234 11 85
1235 931 13
1237 1164 41
1237 613 30
1237 1408 78
1237 749 93
1238 1168 72
1239 441 67
1239 1170 33
1239 243 35
1240 872 24
1241 775 36
1241 346 70
1241 1391 70
1242 974 54
1243 536 66
1244 1495 54
1245 1084 89
1245 351 96
1246 221 56
1247 618 22
1248 754 63
1248 1221 98
1248 363 78
1249 55 7
1249 393 79
1249 286 26
1249 649 45
1250 1003 47
1250 1310 91
1250 614 25
1250 1345 37
1251 941 63
1252 1412 7
1253 251 54
1253 565 24
1253 762 36
1253 1023 32
1254 478 50
1255 359 54
1255 1300 36
1255 456 3
1257 1190 44
1257 339 96
1258 317 46
1258 1376 70
1259 1376 87
1259 82 38
1259 222 16
1260 214 45
1260 704 38
1260 1038 59
1261 827 39
1262 517 7
1263 500 29
1263 755 91
1263 88 38
1264 812 46
1264 147 36
1264 99 10
1264 1174 60
1267 924 71
1267 673 20
1268 8 61
1269 1382 86
1269 887 13
1269 929 51
1270 992 53
1270 518 20
1270 358 44
1270 613 80
1270 325 91
1272 1320 2
1272 1014 6
1273 1001 86
1273 210 17
1273 336 88
1273 148 48
1273 454 53
1275 1428 6
1276 1046 21
1276 298 59
1278 202 37
1278 1052 13
1279 392 25
1279 39 41
1280 109 9
1280 277 59
1280 181 92
1281 83 31
1281 780 77
1282 169 99
1282 458 69
1283 252 67
1283 1119 87
1283 1324 66
1283 669 83
1284 356 47
1284 225 41
1284 822 97
1285 1032 5
1285 379 63
1287 639 39
1288 740 64
1288 1080 80
1288 1144 90
1289 176 17
1289 539 56
1289 449 82
1290 449 25
1291 785 44
1292 326 85
1292 997 55
1292 1018 24
1293 680 2
1294 245 83
1294 1215 88
1294 1325 10
1295 1362 14
1296 118 74
1296 490 50
1297 849 31
1297 1403 50
1297 1033 25
1298 756 36
1298 1499 32
1298 268 21
1298 511 65
1298 391 71
1299 43 71
1299 1165 76
1299 1172 66
1300 744 18
1300 1328 34
1300 1255 36
1301 467 92
1301 146 80
1301 351 19
1302 174 19
1302 450 83
1302 976 85
1303 1438 2
1303 647 94
1303 68 88
1304 421 95
1304 844 22
1304 446 68
1304 637 30
1304 323 56
1305 868 24
1305 136 27
1305 737 28
1306 796 83
1306 1057 2
1306 1 17
1307 649 95
1307 529 19
1308 115 33
1309 1310 48
1309 619 68
1309 276 77
1310 404 14
1310 1309 48
1310 123 37
1310 234 86
1310 1360 33
1310 679 7
1310 65 17
1310 1250 91
1311 185 44
1311 300 88
1311 683 82
1312 164 44
1312 364 7
1312 1404 87
1313 735 22
1313 1159 57
1315 699 38
1315 589 83
1315 59 86
1316 1460 92
1316 1148 0
1316 71 2
1317 1166 25
1317 1337 73
1317 828 78
1318 311 66
1318 522 47
1318 1384 55
1320 1272 2
1322 1397 53
1322 842 65
1323 1233 72
1324 1427 67
1324 661 58
1324 32 12
1324 1283 66
1325 717 58
1325 1294 10
1326 1076 2
1326 401 36
1326 1085 28
1327 781 37
1327 171 78
1328 396 83
1328 1300 34
1328 213 69
1328 781 66
1329 301 1
1330 255 24
1330 1230 43
1330 1061 15
1330 546 4
1331 152 63
1331 896 9
1333 403 89
1333 630 7
1333 1477 68
1333 788 82
1334 1440 61
1335 759 59
1335 887 28
1335 767 76
1337 190 96
1337 1317 73
1337 357 52
1338 996 73
1338 99 92
1338 1421 0
1338 1205 47
1339 1486 21
1339 827 22
1339 329 46
1340 900 35
1340 1059 44
1340 1019 82
1341 225 33
1342 482 5
1342 318 59
1343 470 5
1343 152 88
1344 172 11
1345 304 51
1345 1489 46
1345 1250 37
1346 956 82
1346 737 25
1347 90 39
1347 140 23
1348 945 26
1349 1146 38
1349 1494 22
1350 871 34
1350 239 19
1352 763 57
1352 659 94
1353 681 43
1353 430 64
1353 370 30
1354 386 84
1354 1023 82
1354 747 7
1354 331 11
1355 496 87
1356 91 7
1356 1220 52
1357 741 11
1357 501 46
1357 29 17
1359 1017 18
1359 357 35
1359 840 46
1359 1026 6
1360 1310 33
1360 801 46
1361 1390 40
1362 1295 14
1363 535 8
1364 361 15
1364 677 75
1365 370 16
1365 103 75
1366 546 79
1366 336 43
1367 350 36
1368 56 88
1368 128 90
1368 1061 53
1369 970 68
1369 518 94
1370 1216 84
1371 652 79
1371 696 4
1371 456 24
1372 883 47
1372 511 50
1372 74 22
1372 289 8
1374 170 80
1374 965 36
1375 973 25
1375 1376 6
1376 1375 6
1376 1259 87
1376 944 46
1376 1258 70
1377 557 83
1377 1401 51
1377 0 49
1377 1172 31
1378 1453 35
1379 381 54
1380 1408 29
1380 168 66
1382 118 65
1382 381 52
1382 1269 86
1382 406 84
1382 260 19
1383 1412 53
1383 439 99
1383 1182 21
1383 269 18
1384 262 11
1384 650 10
1384 137 16
1384 156 62
1384 1318 55
1385 267 75
1385 940 49
1385 840 19
1385 349 22
1385 1114 30
1386 1465 48
1387 13 98
1387 1452 95
1388 1050 34
1388 78 75
1389 1184 48
1390 1361 40
1390 181 58
1391 704 3
1391 1241 70
1392 398 96
1393 600 47
1394 82 13
1395 55 97
1395 1006 60
1396 52 15
1396 1473 55
1396 554 1
1397 1322 53
1397 3 41
1397 1457 21
1399 257 72
1399 1223 69
1400 282 43
1401 1377 51
1401 354 59
1402 83 23
1402 1162 30
1403 1297 50
1403 1227 56
1403 1499 18
1403 471 15
1404 355 26
1404 1312 87
1405 608 22
1405 308 82
1406 887 17
1407 524 49
1407 827 28
1407 921 36
1407 802 63
1407 993 95
1408 1380 29
1408 706 84
1408 960 97
1408 1027 9
1408 1237 78
1408 1148 16
1409 156 3
1409 108 59
1409 812 13
1411 537 22
1412 1252 7
1412 1475 20
1412 1383 53
1412 286 90
1413 868 49
1414 1078 48
1414 1474 17
1414 673 41
1414 466 83
1415 39 24
1415 469 58
1415 843 18
1415 75 55
1419 611 17
1419 181 71
1420 1218 50
1420 1430 60
1421 112 27
1421 1338 0
1422 237 5
1422 1428 86
1423 349 59
1423 397 55
1424 1143 2
1427 1324 67
1427 309 26
1427 668 75
1427 901 77
1427 771 78
1428 1422 86
1428 20 86
1428 1275 6
1430 1420 60
1430 285 99
1430 511 38
1431 1175 97
1431 495 40
1431 1074 6
1432 299 71
1433 646 53
1434 813 20
1435 801 28
1435 676 21
1436 540 14
1437 966 77
1438 526 56
1438 1303 2
1438 1073 44
1439 56 97
1439 575 26
1439 662 39
1440 224 69
1440 1090 13
1440 1334 61
1442 350 30
1442 61 43
1443 2 25
1444 1128 81
1444 331 77
1445 642 98
1445 506 92
1445 757 31
1446 1151 11
1446 129 96
1447 544 58
1447 108 85
1448 1475 27
1448 1136 21
1448 843 44
1449 971 90
1449 1222 47
1450 865 39
1450 1042 74
1450 350 64
1451 580 48
1451 132 52
1452 254 72
1452 1387 95
1452 725 71
1453 348 10
1453 1378 35
1454 563 61
1455 1458 63
1455 748 35
1457 17 45
1457 244 10
1457 1397 21
1457 131 1
1458 664 87
1458 1030 17
1458 1455 63
1458 1200 53
1459 125 77
1460 1316 92
1461 811 4
1461 1134 60
1461 392 28
1462 273 76
1462 40 18
1462 1028 49
1462 1020 46
1462 840 50
1463 565 49
1463 1216 41
1463 779 20
1464 99 99
1464 321 7
1464 1141 93
1464 333 10
1465 1095 55
1465 1386 48
1466 572 38
1466 9 70
1466 678 14
1467 1194 70
1468 324 13
1468 65 21
1469 730 3
1469 920 43
1469 660 75
1471 433 87
1472 503 48
1473 1164 75
1473 1396 55
1474 167 69
1474 1414 17
1475 1412 20
1475 826 8
1475 1448 27
1475 648 56
1475 541 51
1475 5 69
1475 873 61
1476 54 78
1476 1005 5
1477 1333 68
1477 916 90
1478 766 4
1478 1485 37
1479 106 59
1479 940 83
1479 699 54
1480 1220 7
1480 952 34
1480 7 71
1481 373 69
1482 32 62
1483 42 97
1485 1478 37
1486 1339 21
1486 47 83
1486 619 41
1486 930 67
1486 825 60
1487 984 81
1488 1155 61
1489 995 97
1489 767 82
1489 1345 46
1489 841 97
1490 562 17
1490 1174 79
1491 344 37
1491 816 62
1491 301 11
1491 234 95
1492 364 26
1492 1231 38
1494 1349 22
1495 1244 54
1495 874 26
1495 925 6
1495 25 69
1496 376 14
1499 1403 18
1499 1298 32
